ENU:
  longitude: 121.439743
  latitude: 31.0263253
  height: 15.866

